":START_ID",":END_ID"
"03917802-5f87-4ede-99e6-a56bf2e5daaf","1013b83f-380c-4abd-9850-27d0e80c4cf1"
"b6e048ee-a017-4daf-9652-eb17a00b0f59","df357040-46e1-4ff2-9e33-55afa685f264"
"06152e67-cbee-4b55-9f41-204176466c54","b8778dad-f800-4fbb-a361-b4564c3b66eb"
